CRAFT
--------------------------
1	10547.0
2	7174.0
3	9623.0
4	2927.0
5	1827.0
6	132.0
7	139.0
8	38.0
9	2.0
10	7.0

NCBO
--------------------------
Bucket	Count	Mean	TwoStandard
1	2942.0	0.88	0.01
2	3769.0	0.64	0.01
3	1621.0	0.89	0.01
4	309.0	0.78	0.03
5	41.0	0.95	0.06
6	12.0	0.92	0.17
7	3.0	1.0	0.0

Textpresso
--------------------------
Bucket	Count	Mean	TwoStandard
1	6958.0	0.68	0.01
2	4905.0	0.42	0.01
3	1567.0	0.34	0.01
4	314.0	0.3	0.01
5	47.0	0.25	0.03
6	23.0	0.39	0.05
7	3.0	0.27	0.0

MetaMap
--------------------------
Bucket	Count	Mean	TwoStandard
1	308.0	0.95	0.02
2	352.0	0.86	0.03
3	292.0	0.95	0.02
4	32.0	0.68	0.13
5	6.0	1.0	0.0
7	2.0	0.82	0.2

Scigraph
--------------------------
Bucket	Count	Mean	TwoStandard
1	3047.0	0.92	0.01
2	2490.0	0.63	0.02
3	1017.0	0.88	0.01
4	74.0	0.83	0.08
5	22.0	0.9	0.11
6	4.0	0.74	0.36
7	1.0	0.0	0.0
