Filename	AverageJaccard
15345036	0.97
17447844	0.86
17083276	0.95
16103912	1.0
12925238	0.88
17244351	1.0
16121255	0.86
15836427	0.74
17020410	0.6
16462940	0.89
11597317	0.97
14609438	1.0
16539743	0.73
16670015	0.94
16362077	0.92
17608565	0.9
14723793	1.0
15588329	1.0
11897010	0.94
16507151	0.86
15040800	0.81
15314655	1.0
15876356	0.96
17002498	1.0
16700629	0.99
14737183	0.96
16628246	1.0
15492776	0.94
17696610	0.89
15550985	1.0
16870721	1.0
16110338	0.92
15314659	1.0
16255782	0.8
15320950	0.96
17069463	1.0
16504174	1.0
16579849	1.0
15207008	0.5
11532192	1.0
16109169	0.76
12585968	0.8
17425782	1.0
17194222	0.95
15917436	0.9
14611657	0.84
16504143	0.93
15061865	0.91
15938754	0.81
15005800	1.0
15676071	0.96
12546709	1.0
12079497	1.0
15819996	0.94
16098226	0.67
17022820	0.93
16221973	0.79
15921521	1.0
