Filename	AverageJaccard
15345036	0.74
15328533	0.59
17447844	0.8
17083276	0.9
16103912	0.89
15630473	0.67
12925238	0.83
17244351	0.73
16216087	0.94
16121256	0.56
16121255	0.73
15836427	0.41
17020410	0.75
16279840	0.4
16462940	0.93
11597317	1.0
14609438	0.55
16539743	0.58
16670015	0.73
16362077	0.71
17608565	0.77
14723793	0.48
15588329	0.8
11897010	0.8
16507151	0.55
15040800	0.57
17078885	0.72
15314655	0.76
15876356	0.75
17002498	0.84
16700629	0.83
14737183	0.93
16628246	0.76
15492776	0.7
17696610	0.85
15550985	0.6
16870721	0.63
16110338	0.67
15314659	0.94
16255782	0.51
15320950	0.85
17069463	0.88
16504174	0.85
16579849	0.41
15207008	0.78
11532192	1.0
16109169	0.54
12585968	0.76
16433929	0.79
17425782	0.59
17194222	0.77
15917436	0.77
14611657	0.64
16504143	0.76
15061865	0.8
15938754	0.92
15005800	0.77
15676071	0.69
12546709	0.89
17590087	0.64
15760270	0.68
12079497	0.97
15819996	0.74
16098226	0.78
17022820	0.7
16221973	0.61
15921521	0.91
