Filename	AverageJaccard
15345036	0.62
15328533	0.78
17447844	0.76
17083276	0.91
16103912	0.9
15630473	0.68
12925238	0.88
17244351	0.91
16216087	0.89
16121256	0.89
16121255	0.88
15836427	0.6
17020410	0.84
16279840	0.45
16462940	0.91
11597317	1.0
14609438	0.77
16539743	0.56
16670015	0.79
16362077	0.84
17608565	0.82
14723793	0.6
15588329	0.92
11897010	0.72
16507151	0.81
15040800	0.67
17078885	0.66
15314655	0.77
15876356	0.79
17002498	0.87
16700629	0.76
14737183	0.96
16628246	0.87
15492776	0.74
17696610	0.83
15550985	0.9
16870721	0.92
16110338	0.83
15314659	0.95
16255782	0.89
15320950	0.88
17069463	0.78
16504174	0.95
16579849	0.65
15207008	0.77
11532192	0.92
16109169	0.69
12585968	0.53
16433929	0.88
17425782	0.54
17194222	0.81
15917436	0.84
14611657	0.57
16504143	0.79
15061865	0.77
15938754	0.93
15005800	0.79
15676071	0.66
12546709	0.91
17590087	0.74
15760270	0.65
12079497	0.99
15819996	0.91
16098226	0.77
17022820	0.73
16221973	0.69
15921521	1.0
