Filename	AverageJaccard
15345036	0.44
15328533	0.22
17447844	0.31
17083276	0.36
16103912	0.39
15630473	0.35
12925238	0.48
17244351	0.3
16216087	0.16
16121256	0.32
16121255	0.49
15836427	0.33
17020410	0.5
16279840	0.25
16462940	0.23
11597317	0.44
14609438	0.63
16539743	0.4
16670015	0.59
16362077	0.49
17608565	0.57
14723793	0.4
15588329	0.46
11897010	0.2
16507151	0.24
15040800	0.27
17078885	0.56
15314655	0.46
15876356	0.5
17002498	0.64
16700629	0.61
14737183	0.56
16628246	0.47
15492776	0.37
17696610	0.13
15550985	0.28
16870721	0.83
16110338	0.51
15314659	0.25
16255782	0.17
15320950	0.74
17069463	0.26
16504174	0.79
16579849	0.43
15207008	0.18
11532192	0.39
16109169	0.4
12585968	0.77
16433929	0.53
17425782	0.33
17194222	0.29
15917436	0.37
14611657	0.57
16504143	0.34
15061865	0.16
15938754	0.28
15005800	0.44
15676071	0.33
12546709	0.67
17590087	0.35
15760270	0.2
12079497	0.82
15819996	0.39
16098226	0.29
17022820	0.21
16221973	0.4
15921521	0.55
